75 75
012345678901234567890123456789012345678901234567890123456789012345678901234
123456789012345678901234567890123456789012345678901234567890123456789012345
234567890123456789012345678901234567890123456789012345678901234567890123456
345678901234567890123456789012345678901234567890123456789012345678901234567
456789012345678901234567890123456789012345678901234567890123456789012345678
567890123456789012345678901234567890123456789012345678901234567890123456789
678901234567890123456789012345678901234567890123456789012345678901234567890
789012345678901234567890123456789012345678901234567890123456789012345678901
890123456789012345678901234567890123456789012345678901234567890123456789012
901234567890123456789012345678901234567890123456789012345678901234567890123
012345678901234567890123456789012345678901234567890123456789012345678901234
123456789012345678901234567890123456789012345678901234567890123456789012345
234567890123456789012345678901234567890123456789012345678901234567890123456
345678901234567890123456789012345678901234567890123456789012345678901234567
456789012345678901234567890123456789012345678901234567890123456789012345678
567890123456789012345678901234567890123456789012345678901234567890123456789
678901234567890123456789012345678901234567890123456789012345678901234567890
789012345678901234567890123456789012345678901234567890123456789012345678901
890123456789012345678901234567890123456789012345678901234567890123456789012
901234567890123456789012345678901234567890123456789012345678901234567890123
012345678901234567890123456789012345678901234567890123456789012345678901234
123456789012345678901234567890123456789012345678901234567890123456789012345
234567890123456789012345678901234567890123456789012345678901234567890123456
345678901234567890123456789012345678901234567890123456789012345678901234567
456789012345678901234567890123456789012345678901234567890123456789012345678
567890123456789012345678901234567890123456789012345678901234567890123456789
678901234567890123456789012345678901234567890123456789012345678901234567890
789012345678901234567890123456789012345678901234567890123456789012345678901
890123456789012345678901234567890123456789012345678901234567890123456789012
901234567890123456789012345678901234567890123456789012345678901234567890123
012345678901234567890123456789012345678901234567890123456789012345678901234
123456789012345678901234567890123456789012345678901234567890123456789012345
234567890123456789012345678901234567890123456789012345678901234567890123456
345678901234567890123456789012345678901234567890123456789012345678901234567
456789012345678901234567890123456789012345678901234567890123456789012345678
567890123456789012345678901234567890123456789012345678901234567890123456789
678901234567890123456789012345678901234567890123456789012345678901234567890
789012345678901234567890123456789012345678901234567890123456789012345678901
890123456789012345678901234567890123456789012345678901234567890123456789012
901234567890123456789012345678901234567890123456789012345678901234567890123
012345678901234567890123456789012345678901234567890123456789012345678901234
123456789012345678901234567890123456789012345678901234567890123456789012345
234567890123456789012345678901234567890123456789012345678901234567890123456
345678901234567890123456789012345678901234567890123456789012345678901234567
456789012345678901234567890123456789012345678901234567890123456789012345678
567890123456789012345678901234567890123456789012345678901234567890123456789
678901234567890123456789012345678901234567890123456789012345678901234567890
789012345678901234567890123456789012345678901234567890123456789012345678901
890123456789012345678901234567890123456789012345678901234567890123456789012
901234567890123456789012345678901234567890123456789012345678901234567890123
012345678901234567890123456789012345678901234567890123456789012345678901234
123456789012345678901234567890123456789012345678901234567890123456789012345
234567890123456789012345678901234567890123456789012345678901234567890123456
345678901234567890123456789012345678901234567890123456789012345678901234567
456789012345678901234567890123456789012345678901234567890123456789012345678
567890123456789012345678901234567890123456789012345678901234567890123456789
678901234567890123456789012345678901234567890123456789012345678901234567890
789012345678901234567890123456789012345678901234567890123456789012345678901
890123456789012345678901234567890123456789012345678901234567890123456789012
901234567890123456789012345678901234567890123456789012345678901234567890123
012345678901234567890123456789012345678901234567890123456789012345678901234
123456789012345678901234567890123456789012345678901234567890123456789012345
234567890123456789012345678901234567890123456789012345678901234567890123456
345678901234567890123456789012345678901234567890123456789012345678901234567
456789012345678901234567890123456789012345678901234567890123456789012345678
567890123456789012345678901234567890123456789012345678901234567890123456789
678901234567890123456789012345678901234567890123456789012345678901234567890
789012345678901234567890123456789012345678901234567890123456789012345678901
890123456789012345678901234567890123456789012345678901234567890123456789012
901234567890123456789012345678901234567890123456789012345678901234567890123
012345678901234567890123456789012345678901234567890123456789012345678901234
123456789012345678901234567890123456789012345678901234567890123456789012345
234567890123456789012345678901234567890123456789012345678901234567890123456
345678901234567890123456789012345678901234567890123456789012345678901234567
456789012345678901234567890123456789012345678901234567890123456789012345678